-3.8556444976538905E-8
-4.2074141580116804E-8
-4.322397251756758E-8
-4.177390017052111E-8
-3.7791858160084204E-8
-3.165452083106493E-8
-2.4013082072377573E-8
-1.5718364696037614E-8
-7.713780216333943E-9
-9.098384559900732E-10
3.942559459487569E-9
6.361742367316075E-9
6.2111240748720885E-9
3.728784757112678E-9
-4.955364958683456E-10
-5.5948955608119856E-9
-1.054225865844191E-8
-1.4294938355129724E-8
-1.5946367590217634E-8
-1.4863452199358831E-8
-1.0789122876872645E-8
-3.894055195403618E-9
5.2314800715535365E-9
1.564620192993064E-8
2.6178648363561238E-8
3.5584155446343015E-8
4.271624419772077E-8
4.668809547374874E-8
4.700069479381027E-8
4.361866859816231E-8
3.698216187677843E-8
2.795221076369773E-8
1.7696696740162825E-8
7.532697375381177E-9
-1.2525090654951215E-9
-7.576284341127239E-9
-1.0706316305293225E-8
-1.0356363159259595E-8
-6.718613119074212E-9
-4.284785668711279E-10
7.532471295096815E-9
1.5980673124435537E-8
2.3700447345647333E-8
2.96147130253675E-8
3.293187408111849E-8
3.324819663411343E-8
3.059196583552662E-8
2.5404605820847438E-8
1.8463339244668097E-8
1.0758573913373756E-8
3.3455021605470817E-9
-2.8074922574531646E-9
-6.951334345347548E-9
-8.651157233620292E-9
-7.831519443518162E-9
-4.767879345543073E-9
-2.8582094899579286E-11
5.621148530365682E-9
1.1336578143620033E-8
1.6313347319097514E-8
1.989190935590778E-8
2.163217926508747E-8
2.1349780848892666E-8
1.9111981745059077E-8
1.5197988851242702E-8
1.0033537226922913E-8
4.11302807098163E-9
-2.076740489027949E-9
-8.119037751290444E-9
-1.3707238760058039E-8
-1.8658753906960203E-8
-2.2904364886418495E-8
-2.6458927802088753E-8
-2.9382381478642367E-8
-3.1741014843264296E-8
-3.3577933947774897E-8
-3.489880098327045E-8
-3.567507787822591E-8
-3.5862764558149415E-8
-3.5431039717151606E-8
-3.439287867705746E-8
-3.282901767611774E-8
-3.089804369333473E-8
-2.882821596163727E-8
-2.6890511103440235E-8
-2.5356512258683766E-8
-2.444827973695536E-8
-2.4289636844359656E-8
-2.4868711749565547E-8
-2.6020139534032342E-8
-2.7432192743918834E-8
-2.8679825403707695E-8
-2.9279961370157096E-8
-2.8761235822085955E-8
-2.6737499206956573E-8
-2.2973275197334313E-8
-1.743033556358544E-8
-1.0287347413965353E-8
-1.928824558977808E-9
7.095557417819129E-9
1.6135499439283346E-8
2.451889623557813E-8
3.163335155901946E-8
3.699858520594962E-8
4.03197004975343E-8
4.151460673360704E-8
4.071310557112225E-8
3.8229620364838276E-8
3.451533358811069E-8
3.00981330076576E-8
2.5519766049158978E-8
2.1278949807784566E-8
1.7787212472861457E-8
1.5341230229193264E-8
1.4112148484824722E-8
1.4149487257165171E-8
1.5395250286204337E-8
1.7703045731364018E-8
2.0857465847358342E-8
2.4590490701938183E-8
2.8593781380905605E-8
3.252787981099554E-8
3.603087083859554E-8
3.872985924021615E-8
4.02582432008237E-8
4.0280235447442116E-8
3.852197294093914E-8
3.480613231929339E-8
2.9084942842487467E-8
2.1465355522901646E-8
1.222021781803896E-8
1.7808088215080858E-9
-9.291276014562274E-9
-2.035151919239575E-8
-3.073417076326349E-8
-3.982027585125934E-8
-4.7102393571133495E-8
-5.223625950861638E-8
-5.507129915507456E-8
-5.56551354717585E-8
-5.421142421042008E-8
-5.1094883329566704E-8
-4.673138239768334E-8
-4.155347790351686E-8
-3.5942649710547634E-8
-3.0188172052184715E-8
-2.446932641066738E-8
-1.8863223605864462E-8
-1.3375368922216962E-8
-7.985605026150851E-9
-2.6988399024318404E-9
2.41132251309218E-9
7.176802249777802E-9
1.133455566469109E-8
1.4553859232310408E-8
1.6488194031315997E-8
1.684316049074083E-8
1.5447835120025268E-8
1.2315227885211775E-8
7.678456658624372E-9
1.992738311097413E-9
-4.101101595185802E-9
-9.84893387329959E-9
-1.4482102767201084E-8
-1.7327891300440154E-8
-1.7913734124243863E-8
-1.6047226363907047E-8
-1.1857102787318853E-8
-5.7863444837361885E-9
1.4637545379818489E-9
9.031511219080503E-9
1.602028610911667E-8
2.1631776264316445E-8
2.52855855413809E-8
2.6705203418819932E-8
2.5955780796453255E-8
2.342673083932019E-8
1.9761257797394067E-8
1.574408352768495E-8
1.2165648235935626E-8
9.685375985489275E-9
8.71713323234463E-9
9.356406064761808E-9
1.1361993681816505E-8
1.4195879806214934E-8
1.7115156692512047E-8
1.9300989500566073E-8
2.0003180444297386E-8
1.867612142588097E-8
1.5083195851006368E-8
9.351710336753609E-9
1.9685648364757533E-9
-6.283194653992686E-9
-1.4437024911018693E-8
-2.148664748103723E-8
-2.6537722198408382E-8
-2.8942910517320688E-8
-2.8398689560012817E-8
-2.498872227730337E-8
-1.916733981392646E-8
-1.1686655234373952E-8
-3.4799123736446544E-9
4.4794912157236895E-9
1.132030792311126E-8
1.6394367218121025E-8
1.935754387419401E-8
2.0199359023220296E-8
1.921852463339935E-8
1.6950793779909174E-8
1.4063236791057047E-8
1.1234113490962762E-8
9.03908475844058E-9
7.862580774911097E-9
7.847974698633447E-9
8.892893359481112E-9
1.068800050809223E-8
1.2789901551942182E-8
1.4713237007251588E-8
1.6024370012818643E-8
1.641952912944595E-8
1.5773798652614105E-8
1.4153159347632432E-8
1.178901306279949E-8
9.021649405800939E-9
6.2247522827981455E-9
3.726321102471425E-9
1.7417208607666829E-9
3.320161462199794E-10
-6.043244880886817E-10
-1.304715375266063E-9
-2.08585249527186E-9
-3.268179677503545E-9
-5.096148925785037E-9
-7.67000883137486E-9
-1.090304315196303E-8
-1.4513701823253729E-8
-1.8055822150505892E-8
-2.098327103996199E-8
-2.27389804086171E-8
-2.285370301700248E-8
-2.1037509088824876E-8
-1.7247862709564134E-8
-1.1721629733061825E-8
-4.9641113933671445E-9
2.304802090911098E-9
9.240346513340972E-9
1.4985368265699588E-8
1.8788674735215717E-8
2.0111203611891515E-8
1.8703736096614228E-8
1.4644263381527125E-8
8.32927123701416E-9
4.202956427282229E-10
-8.246109759187526E-9
-1.6771458123203892E-8
-2.4314723143353025E-8
-3.0200578877086905E-8
-3.4001218824112895E-8
-3.558080976089838E-8
-3.5097474732841834E-8
-3.296421665743251E-8
-2.9776004646188395E-8
-2.621492974540133E-8
-2.294800294512365E-8
-2.0532596534639927E-8
-1.9342727986008295E-8
-1.952549865982981E-8
-2.0992143193248664E-8
-2.344298437883162E-8
-2.642077805087095E-8
-2.938324063831844E-8
-3.1783370415368446E-8
-3.3145926070453594E-8
-3.312974831555289E-8
-3.1568205287983484E-8
-2.8483794778491487E-8
-2.4076716114309644E-8
-1.8690770415065372E-8
-1.2762767231751449E-8
-6.7631490936889935E-9
-1.1361239637490942E-9
3.753081339519945E-9
7.65779138390952E-9
1.0472386808609326E-8
1.2236405949900435E-8
1.3121129423139572E-8
1.340145347824811E-8
1.3417291664945792E-8
1.3529423980379525E-8
1.4074770832868306E-8
1.532577274984249E-8
1.7457794716086316E-8
2.0527272769568326E-8
2.44622207204028E-8
2.9065687474852768E-8
3.403170666882473E-8
3.8972264522584446E-8
4.3452972095745934E-8
4.7034455026660904E-8
4.931581656930512E-8
4.997621032869729E-8
4.881051816605313E-8
4.5755317610439546E-8
4.0902037468006714E-8
3.449526961089742E-8
2.691549395460871E-8
1.864711271830767E-8
1.0234450579160226E-8
2.2299410797095493E-9
-4.860123518371478E-9
-1.062624473734714E-8
-1.4796718337557091E-8
-1.72638197500073E-8
-1.8091540843750717E-8
-1.7503391402629346E-8
-1.5851300949941346E-8
-1.3569062641384686E-8
-1.1115962351225738E-8
-8.917680046559536E-9
-7.312151876126767E-9
-6.507675047644523E-9
-6.558956500938778E-9
-7.364541825571112E-9
-8.686138885487714E-9
-1.0187291837097953E-8
-1.1486097706779279E-8
-1.221453518963642E-8
-1.2075876628221899E-8
-1.0891609056144315E-8
-8.630698862707222E-9
-5.416454849248262E-9
-1.5094578741685884E-9
2.731317201491353E-9
6.903760185770715E-9
1.0626078554385132E-8
1.3598705279131132E-8
1.5654790105093313E-8
1.6790716714050558E-8
1.717089008085233E-8
1.7104720485166182E-8
1.6997965521687523E-8
1.7284801097276935E-8
1.8350342083362027E-8
2.045536642559049E-8
2.367537675190668E-8
2.7864676431658992E-8
3.265285267164602E-8
3.747649983997854E-8
4.1643814268844564E-8
4.442445514649899E-8
4.51527629466004E-8
4.33297059334845E-8
3.870821283233093E-8
3.134823662463233E-8
2.163177524585708E-8
1.0233479170863294E-8
-1.951060608526192E-9
-1.3910790969565025E-8
-2.4644598863939865E-8
-3.328927023230012E-8
-3.923159234395134E-8
-4.218787214145659E-8
-4.223846270331793E-8
-3.9811289463114835E-8
-3.5615790788040635E-8
-3.053615161420874E-8
-2.5499074309474445E-8
-2.133547932531128E-8
-1.8656815898534453E-8
-1.7764852307712915E-8
-1.8609082766340345E-8
-2.0798804573685605E-8
-2.36685851042274E-8
-2.638774246139133E-8
-2.809756513299635E-8
-2.8055413579819997E-8
-2.576357557742719E-8
-2.106282042081621E-8
-1.4175688846738892E-8
-5.692083040692201E-9
3.5014578889066864E-9
1.2338924137021113E-8
1.972146461860064E-8
2.4671874625559355E-8
2.6474145019406517E-8
2.4777427119808203E-8
1.9649089357817367E-8
1.156923785594494E-8
1.367777499479509E-9
-9.8864057023302E-9
-2.1027612023260163E-8
-3.094598200580527E-8
-3.872856268760006E-8
-4.376887997564485E-8
-4.583029202280971E-8
-4.505559414469534E-8
-4.192346953733972E-8
-3.7160203697323214E-8
-3.162145066437092E-8
-2.6162660065155E-8
-2.1517603455529922E-8
-1.8202423304007562E-8
-1.645793357392697E-8
-1.623653485949431E-8
-1.723308952518888E-8
-1.8952414861597304E-8
-2.0800842190829387E-8
-2.2186349439514934E-8
-2.2611388298841804E-8
-2.1744507912926832E-8
-1.9461070717167213E-8
-1.5848860768692574E-8
-1.1180106695898714E-8
-5.856729541866261E-9
-3.395100461234649E-10
4.926253549259678E-9
9.576267951533872E-9
1.3373815974277717E-8
1.6231026795676397E-8
1.820321847179689E-8
1.9459279689995833E-8
2.023500017334271E-8
2.0778804893635596E-8
2.130018124899834E-8
2.1930206394556323E-8
2.2700913449318812E-8
2.3546636152395295E-8
2.4326385245716922E-8
2.4862475879836906E-8
2.498772122188846E-8
2.459192350038691E-8
2.36585383147359E-8
2.2284101943867526E-8
2.0675962914804064E-8
1.9127651124406127E-8
1.797527814053562E-8
1.7541715382063552E-8
1.8077635601244233E-8
1.970947320363083E-8
2.2403515849939337E-8
2.5953050267617363E-8
2.9992073869464605E-8
3.4034969416058E-8
3.753739021990428E-8
3.9970099842745156E-8
4.089516260641667E-8
4.0033180002858885E-8
3.731127832390675E-8
3.2884039124564084E-8
2.7123418759545573E-8
2.0578104592977122E-8
1.3907166548768036E-8
7.796796550744827E-9
2.871405526039925E-9
-3.885909024874126E-10
-1.7107108584416288E-9
-1.0670663579156943E-9
1.3215638424787525E-9
5.014890004311347E-9
9.411499218727228E-9
1.3828477764256814E-8
1.7591189458816773E-8
2.0120810528194384E-8
2.1007768187743725E-8
2.006130850908571E-8
1.7328793500435628E-8
1.3082744025243355E-8
7.77817827857827E-9
1.986770128136783E-9
-3.6825658594483034E-9
-8.665480221097482E-9
-1.2515110659566942E-8
-1.4956516461017326E-8
-1.5915994972930088E-8
-1.552224098305539E-8
-1.4080436338309741E-8
-1.2023961361978441E-8
-9.851253774398806E-9
-8.05706980783968E-9
-7.067671028745054E-9
-7.188417529099983E-9
-8.570031633477141E-9
-1.119693586562772E-8
-1.489777270204419E-8
-1.9375257128795455E-8
-2.4250154425841184E-8
-2.9112511142213494E-8
-3.3572817629562926E-8
-3.730641552594342E-8
-4.008584387616223E-8
-4.179780987131829E-8
-4.244391839188677E-8
-4.212647359151721E-8
-4.1022549319555754E-8
-3.935089064594638E-8
-3.7336677972712564E-8
-3.517913135176655E-8
-3.30261190025679E-8
-3.0958626049917954E-8
-2.8986431997260425E-8
-2.7054681031698174E-8
-2.5059621695673257E-8
-2.2870693612954543E-8
-2.03554643334933E-8
-1.740378140471204E-8
-1.3947783138247433E-8
-9.97507300974995E-9
-5.533465696091615E-9
-7.269233875846261E-10
4.296502482752437E-9
9.362783789442029E-9
1.4293305501678314E-8
1.8926237351094872E-8
2.313453541781227E-8
2.683769731955669E-8
3.000529831363153E-8
3.2651458199910006E-8
3.4820860869670736E-8
3.656841384402329E-8
3.793577987995249E-8
3.892896983740794E-8
3.9501498269821085E-8
3.9547074503044536E-8
3.890469031182458E-8
3.73772165604964E-8
3.476229866464321E-8
3.089207701564707E-8
2.5676296408429033E-8
1.9141923273397727E-8
1.1462029150220555E-8
2.96746340577649E-9
-5.863290920197313E-9
-1.4437784944303952E-8
-2.21050314321894E-8
-2.8227242206870727E-8
-3.225924258386357E-8
-3.3824823301178016E-8
-3.2778550507823596E-8
-2.924262746192093E-8
-2.361116512385566E-8
-1.651843584003689E-8
-8.772858734286089E-9
-1.263671033828742E-9
5.148206709403992E-9
9.740486438693692E-9
1.2025334827704975E-8
1.1816315770428944E-8
9.255709053755573E-9
4.796899339143051E-9
-8.5700772757335E-10
-6.850528842776792E-9
-1.229552731364295E-8
-1.6395958676526628E-8
-1.8559111294127155E-8
-1.8476474623418435E-8
-1.6161709812638863E-8
-1.1939688992460798E-8
-6.388216841940013E-9
-2.414803914281008E-10
5.729471032087898E-9
1.084000254691597E-8
1.4598991910372988E-8
1.6782212699263188E-8
1.745981971590198E-8
1.697314448294446E-8
1.586434774116237E-8
1.4770474990727218E-8
1.4299584281118061E-8
1.4909952031716947E-8
1.6813273033770394E-8
1.9919106979204314E-8
2.383118658235195E-8
2.7897828140635124E-8
3.1309681386402674E-8
3.3229888508045456E-8
3.2936000155411624E-8
2.995045083193337E-8
2.413765436473854E-8
1.5750810308291504E-8
5.419313566176743E-9
-5.923027422458871E-9
-1.7159256516507864E-8
-2.7142188095432985E-8
-3.4855827583987003E-8
-3.956053633823091E-8
-4.0899551267779396E-8
-3.8950312044852103E-8
-3.4212596530526335E-8
-2.753529962067286E-8
-1.9993209861381827E-8
-1.2732833169620164E-8
-6.810797720878919E-9
-3.049116148634875E-9
-1.92859568211443E-9
-3.535328262411316E-9
-7.566529493665613E-9
-1.3392628737563402E-8
-2.016385619209435E-8
-2.694310371320363E-8
-3.2843451855554985E-8
-3.714901043557684E-8
-3.9401465638217835E-8
-3.94410505378885E-8
-3.739869132275523E-8
-3.364424229563161E-8
-2.870260899921697E-8
-2.3154103933945062E-8
-1.7536938382779655E-8
-1.2268170065389402E-8
-7.595032921035436E-9
-3.582446510259978E-9
-1.3562713278631512E-10
2.9496056100096096E-9
5.920725915953901E-9
9.000704784972326E-9
1.2332018359588344E-8
1.5942731865086855E-8
1.9740053852890753E-8
2.3530976825778012E-8
2.706412802454298E-8
3.0082957871732E-8
3.237843288339646E-8
3.382987312707534E-8
3.442543353793796E-8
3.4258181424378994E-8
3.349906824495031E-8
3.235309143303682E-8
3.100861240238814E-8
2.9591439985420235E-8
2.813438087593794E-8
2.656991221428382E-8
2.4748848367076164E-8
2.2482285018622867E-8
1.9598850804277997E-8
1.6005628182948765E-8
1.173956489772028E-8
6.997184856081061E-9
2.1340359158469386E-9
-2.369292137678784E-9
-5.971215296455609E-9
-8.15374372668666E-9
-8.51350810333965E-9
-6.842816035949684E-9
-3.185097558613045E-9
2.147174778005066E-9
8.597974384692267E-9
1.5434963839477556E-8
2.1849350443221635E-8
2.7073076373043896E-8
3.049425068191861E-8
3.17513170503845E-8
3.078940396959875E-8
2.7868262212126533E-8
2.3519197798624214E-8
1.8457003234435448E-8
1.3460737109203673E-8
9.242885973588497E-9
6.328757960958724E-9
4.966580806660883E-9
5.08388132314071E-9
6.29801554070742E-9
7.979637805353301E-9
9.358808259570311E-9
9.656160485619545E-9
8.217228747597195E-9
4.6273074166410246E-9
-1.2125025430414338E-9
-9.060869006735694E-9
-1.8367538980960107E-8
-2.8354983885146435E-8
-3.8136472431226806E-8
-4.6850715468619223E-8
-5.3790578148549746E-8
-5.850452627555535E-8
-6.085443265543216E-8
-6.102107714962767E-8
-5.9457695853350775E-8
-5.680078214587976E-8
-5.375451346276286E-8
-5.096926182608923E-8
-4.893512952453771E-8
-4.790838573941651E-8
-4.7882380891560775E-8
-4.860631676997182E-8
-4.964669829157692E-8
-5.047886362121735E-8
-5.0590924545252745E-8
-4.958060990999024E-8
-4.722735867401429E-8
-4.352706070897856E-8
-3.86839671864544E-8
-3.306226002022008E-8
-2.710734556696719E-8
-2.1252454336823045E-8
-1.5828654892713733E-8
-1.0995663915710729E-8
-6.706869623718774E-9
-2.715580131813743E-9
1.378129760319513E-9
6.0480477154170875E-9
1.174405187052212E-8
1.8793501268168767E-8
2.7319532063668163E-8
3.719110781546117E-8
4.801414219742953E-8
5.916589180204454E-8
6.986743219635736E-8
7.928256286339972E-8
8.66271920407502E-8
9.127177136508808E-8
9.282082685724578E-8
9.115786879852962E-8
8.645009923283513E-8
7.911420806992764E-8
6.975087523200601E-8
5.9060276779533536E-8
4.7753236246233775E-8
3.6472465691441985E-8
2.573543967420085E-8
1.590560164346925E-8
7.193077216010618E-9
-3.193923702411867E-10
-6.6340480518660554E-9
-1.1790497809191588E-8
-1.582406131771783E-8
-1.8739165759386573E-8
-2.0503195458721927E-8
-2.1061227315574806E-8
-2.0367454115775824E-8
-1.8425359829316826E-8
-1.5326494760426905E-8
-1.1277851253960642E-8
-6.609861859154586E-9
-1.760702042734422E-9
2.7627964163408174E-9
6.442645375796991E-9
8.816851934122838E-9
9.545290236892957E-9
8.46300388816478E-9
5.611472891746989E-9
1.2418483927310082E-9
-4.211272796838674E-9
-1.0182138666969088E-8
-1.6044636682090525E-8
-2.1191046225833472E-8
-2.510704398608015E-8
-2.7431999786599396E-8
-2.799618107808525E-8
-2.683032055393528E-8
-2.4147394082518093E-8
-2.0300708392441605E-8
-1.5725937141038954E-8
-1.0876759117840975E-8
-6.164078461515095E-9
-1.9076891652967266E-9
1.6934204978581944E-9
4.56923412525113E-9
6.766048429682266E-9
8.416926703502868E-9
9.701494854641574E-9
1.0802562997006368E-8
1.1866943556169833E-8
1.2976545470191071E-8
1.4133733737759371E-8
1.5262397811449102E-8
1.622348556045851E-8
1.68416660886132E-8
1.693825595642103E-8
1.636481644931224E-8
1.50320721640149E-8
1.2929690721728784E-8
1.0134115384494177E-8
6.803420708618112E-9
3.1599626263273824E-9
-5.366861319231759E-10
-4.022735244939601E-9
-7.064550359499693E-9
-9.48972026454673E-9
-1.1210448106770408E-8
-1.2235813945590076E-8
-1.2670824008901593E-8
-1.2701737129201577E-8
-1.2569018096464555E-8
-1.2530990778985392E-8
-1.282267149668498E-8
-1.3615402020423896E-8
-1.49833407938108E-8
-1.68823151629661E-8
-1.9145301179650798E-8
-2.1496841254403136E-8
-2.3586143105199056E-8
-2.503571874291314E-8
-2.5499625122150128E-8
-2.4723314037110098E-8
-2.25959013004216E-8
-1.918581263736763E-8
-1.475244580600356E-8
-9.72943400213259E-9
-4.679114826915018E-9
-2.223396176040153E-10
3.047870441218932E-9
4.65701671764458E-9
4.330504792602896E-9
2.0522705381948813E-9
-1.9102856986381045E-9
-7.021735357881265E-9
-1.253526018910297E-8
-1.7584927563451777E-8
-2.130208172473557E-8
-2.293979782924449E-8
-2.198708825610962E-8
-1.8254964682545722E-8
-1.1919872803727176E-8
-3.515862342715713E-9
6.125650466427087E-9
1.5981584130204313E-8
2.497405160071324E-8
3.211882221896227E-8
3.666339114378934E-8
3.819348894757256E-8
3.669132024042759E-8
3.2535939865949335E-8
2.6444957818984112E-8
1.9365896186987767E-8
1.2333473612906272E-8
6.314644055000152E-9
2.0653248189211303E-9
2.1081101408939143E-11
2.387125924962111E-10
2.397713198701413E-9
5.861071821291655E-9
9.785409080328142E-9
1.3262711364102595E-8
1.5470876033304482E-8
1.5809024697179965E-8
1.39961808800434E-8
1.0117926082658373E-8
4.614145577606812E-9
-1.7895681623893093E-9
-8.195377120383214E-9
-1.367302464246922E-8
-1.740357180177249E-8
-1.8804526668509262E-8
-1.7617204746190036E-8
-1.3943535719141269E-8
-8.227932729287065E-9
-1.1885289432414864E-9
6.290063551514796E-9
1.3284719108463093E-8
1.89622501292253E-8
2.2688939609165164E-8
2.4105672186799768E-8
2.315935733143298E-8
2.0088680511117524E-8
1.5369465224855738E-8
9.630886144891526E-9
3.557517730068982E-9
-2.20675646682529E-9
-7.138568499424603E-9
-1.088805962554472E-8
-1.3299867946920532E-8
-1.4402701677889528E-8
-1.4373113661961976E-8
-1.3482766540475918E-8
-1.204026067177833E-8
-1.0338116177491508E-8
-8.61315307747066E-9
-7.024991837349907E-9
-5.653383670531081E-9
-4.511398534569845E-9
-3.5686621230854808E-9
-2.7776096289862853E-9
-2.096108444811868E-9
-1.5013993178171073E-9
-9.9291897772366E-10
-5.844955629992E-10
-2.890794453655214E-10
-1.0091015819831693E-10
1.943601917946797E-11
1.5231676909078544E-10
4.156282082669404E-10
9.502289720279442E-10
1.8961948391648084E-9
3.3641262497375928E-9
5.407107373126665E-9
7.999084283427683E-9
1.1024456186095049E-8
1.4281751892231037E-8
1.7501728186158598E-8
2.03776197891129E-8
2.260310964073562E-8
2.3912173778105894E-8
2.411454390539306E-8
2.312129995704562E-8
2.095682059443417E-8
1.775560254054436E-8
1.3744852080899807E-8
9.215888730689652E-9
4.489003766408737E-9
-1.2290689238332747E-10
-4.346855756565842E-9
-7.974394260276366E-9
-1.0875958469148396E-8
-1.3004240493296387E-8
-1.4387558479278692E-8
-1.5115536780139283E-8
-1.5320090907581268E-8
-1.515485335610356E-8
-1.477579505311726E-8
-1.4325028725951946E-8
-1.3918930519501739E-8
-1.3640891170401585E-8
-1.3538428183260299E-8
-1.3624085652904802E-8
-1.3879462701536013E-8
-1.4261783104639761E-8
-1.4712498110193914E-8
-1.5167422059567084E-8
-1.5567726932978822E-8
-1.587082300597152E-8
-1.6059792530233195E-8
-1.6149769529318093E-8
-1.6189616058715065E-8
-1.6257525383549856E-8
-1.644996973463385E-8
-1.686453311183142E-8
-1.757842674842928E-8
-1.862581852884216E-8
-1.997805296425209E-8
-2.1531101745087872E-8
-2.3104171582328307E-8
-2.4452053353729707E-8
-2.5291597600409514E-8
-2.5340158087471717E-8
-2.436130098553765E-8
-2.221098220722262E-8
-1.8876274952774546E-8
-1.4498870510149393E-8
-9.377160185930303E-9
-3.943571679166916E-9
1.2823225559127153E-9
5.7601807130498376E-9
9.006252703072335E-9
1.067053575738261E-8
1.0601383997480762E-8
8.88611043606023E-9
5.8590771108568244E-9
2.0732745173940007E-9
-1.763084492912613E-9
-4.8777758014751596E-9
-6.541548564941387E-9
-6.1756028337297214E-9
-3.443398489239231E-9
1.68774745692458E-9
8.925844333253235E-9
1.7678944169621747E-8
2.7123402862816308E-8
3.630703039182785E-8
4.4272973160760775E-8
5.018683396365224E-8
5.3448769625177376E-8
5.377428082181555E-8
5.12319792517339E-8
4.623294411073505E-8
3.9473389031797664E-8
3.1839140327675374E-8
2.4285835800339767E-8
1.7712039292830916E-8
1.2843084670840987E-8
1.0141399328535651E-8
9.754790173038759E-9
1.1508357246385557E-8
1.493932699653252E-8
1.9368123592879618E-8
2.3994301654657163E-8
2.800329871706601E-8
3.0669394879473066E-8
3.1441816859645856E-8
3.0004284511777346E-8
2.630259082205903E-8
2.0539434334769495E-8
1.3140080301247171E-8
4.695660117124608E-9
-4.107262479564281E-9
-1.2561688738598403E-8
-2.0011321763279034E-8
-2.5911158095923845E-8
-2.987304854607164E-8
-3.1693967774542324E-8
-3.1366669551480794E-8
-2.9073820453657048E-8
-2.5167518956622198E-8
-2.01365493278131E-8
-1.4563900578637194E-8
-9.077157242372204E-9
-4.294643748244496E-9
-7.70650596816558E-10
1.0563656213207343E-9
9.081982576189376E-10
-1.3007022734045607E-9
-5.447236441071666E-9
-1.1203559499546173E-8
-1.8062552235233924E-8
-2.538409961217506E-8
-3.245873215774544E-8
-3.8582471586357786E-8
-4.3134512906499046E-8
-4.564820144859197E-8
-4.586584519723054E-8
-4.376943128029249E-8
-3.9582255851023043E-8
-3.3740338889059034E-8
-2.68367024375847E-8
-1.9545624948864467E-8
-1.2537124968399337E-8
-6.393567321496347E-9
-1.540144054794269E-9
1.8010211358960664E-9
3.6269299136318095E-9
4.138195513744199E-9
3.695053134673497E-9
2.7523153057335644E-9
1.783753601980739E-9
1.2077747129746713E-9
